val datosPrueba = Seq(
  (17, 0, 0, 17, 0, 0, 0, "", 0, 0, 17),
  (14, 0, 0, 14, 0, 0, 0, "", 0, 0, 14),
  (11, 0, 0, 11, 0, 0, 0, "", 0, 0, 11),
  (12, 0, 0, 12, 0, 0, 0, "", 0, 0, 12),
  (13, 0, 0, 13, 0, 0, 0, "", 0, 0, 13),
  (15, 0, 0, 15, 0, 0, 0, "", 0, 0, 15),
  (16, 0, 250000000, 16, 0, 300000000, 0, "", 0, 0, 16),
  (16, 0, 100000000, 16, 0, 100000000, 0, "", 0, 0, 16),
  (16, 16, 0, 16, 16, 0, 0, "", 0, 0, 16),
  (9, 4, 0, 9, 4, 0, 1, "0", 0, 0, 9),
  (9, 4, 0, 9, 4, 0, 1, "1", 0, 0, 9),
  (9, 0, 0, 9, 0, 0, 1, "0", 0, 0, 9),
  (9, 0, 0, 9, 0, 0, 1, "1", 0, 0, 9),
  (9, 17, 0, 9, 17, 0, 0, "", 0, 0, 9)
).toDF("CATPREMI", "CAT2PREM", "FACCCPPM", "CAT_MSTA", "CATGSUB1", "FACCAPIT", "TIP_PERT", "FLG_PYME", "CLSMETIT", "TIP_PERA", "CLSMEFIN")
